303f
0f
1.0 0.0 0.0 0.0 1.0 0.0 0.0 0.0 1.0
0.0 0.0 0.0
1f
0.993611 0.0 0.112856 0.0 1.0 0.0 -0.112856 0.0 0.993611
0.0 0.0 0.0
2f
0.920232 0.0 0.391374 0.0 1.0 0.0 -0.391374 0.0 0.920232
0.0 0.0 0.0
3f
0.70265 0.0 0.711536 0.0 1.0 0.0 -0.711536 0.0 0.70265
0.0 0.0 0.0
4f
0.356412 0.0 0.934329 0.0 1.0 0.0 -0.934329 0.0 0.356412
0.0 0.0 0.0
5f
0.0 0.0 1.0 0.0 1.0 0.0 -1.0 0.0 0.0
0.0 0.0 0.0
6f
-0.309017 0.0 0.951057 0.0 1.0 0.0 -0.951057 0.0 -0.309017
0.0 0.0 0.0
7f
-0.587785 0.0 0.809017 0.0 1.0 0.0 -0.809017 0.0 -0.587785
0.0 0.0 0.0
8f
-0.809017 0.0 0.587785 0.0 1.0 0.0 -0.587785 0.0 -0.809017
0.0 0.0 0.0
9f
-0.951057 0.0 0.309017 0.0 1.0 0.0 -0.309017 0.0 -0.951057
0.0 0.0 0.0
10f
-1.0 0.0 0.0 0.0 1.0 0.0 0.0 0.0 -1.0
0.0 0.0 0.0
11f
-0.951056 0.0 -0.309017 0.0 1.0 0.0 0.309017 0.0 -0.951056
0.0 0.0 0.0
12f
-0.809017 0.0 -0.587785 0.0 1.0 0.0 0.587785 0.0 -0.809017
0.0 0.0 0.0
13f
-0.587785 0.0 -0.809017 0.0 1.0 0.0 0.809017 0.0 -0.587785
0.0 0.0 0.0
14f
-0.309017 0.0 -0.951056 0.0 1.0 0.0 0.951056 0.0 -0.309017
0.0 0.0 0.0
15f
0.0 0.0 -1.0 0.0 1.0 0.0 1.0 0.0 0.0
0.0 0.0 0.0
16f
0.356412 0.0 -0.934329 0.0 1.0 0.0 0.934329 0.0 0.356412
0.0 0.0 0.0
17f
0.70265 0.0 -0.711536 0.0 1.0 0.0 0.711536 0.0 0.70265
0.0 0.0 0.0
18f
0.920232 0.0 -0.391374 0.0 1.0 0.0 0.391374 0.0 0.920232
0.0 0.0 0.0
19f
0.993611 0.0 -0.112856 0.0 1.0 0.0 0.112856 0.0 0.993611
0.0 0.0 0.0
20f
1.0 0.0 1.74846e-007 0.0 1.0 0.0 -1.74846e-007 0.0 1.0
0.0 0.0 0.0
21f
1.0 0.0 1.74846e-007 0.0 0.993611 -0.112856 -1.73729e-007 0.112856 0.993611
0.0 0.0 0.0
22f
1.0 0.0 1.74846e-007 0.0 0.920232 -0.391374 -1.60898e-007 0.391374 0.920232
0.0 0.0 0.0
23f
1.0 0.0 1.74846e-007 1.24409e-007 0.70265 -0.711536 -1.22855e-007 0.711536 0.70265
0.0 0.0 0.0
24f
1.0 0.0 1.74846e-007 1.63363e-007 0.356412 -0.934329 0.0 0.934329 0.356412
0.0 0.0 0.0
25f
1.0 0.0 1.74846e-007 1.74846e-007 0.0 -1.0 0.0 1.0 0.0
0.0 0.0 0.0
26f
1.0 0.0 1.74846e-007 1.66288e-007 -0.309017 -0.951056 0.0 0.951056 -0.309017
0.0 0.0 0.0
27f
1.0 0.0 1.74846e-007 1.41453e-007 -0.587785 -0.809017 0.0 0.809017 -0.587785
0.0 0.0 0.0
28f
1.0 0.0 1.74846e-007 0.0 -0.809017 -0.587785 1.41453e-007 0.587785 -0.809017
0.0 0.0 0.0
29f
1.0 0.0 1.74846e-007 0.0 -0.951057 -0.309017 1.66288e-007 0.309017 -0.951057
0.0 0.0 0.0
30f
1.0 0.0 1.74846e-007 0.0 -1.0 0.0 1.74846e-007 0.0 -1.0
0.0 0.0 0.0
31f
1.0 0.0 1.74846e-007 0.0 -0.951056 0.309017 1.66288e-007 -0.309017 -0.951056
0.0 0.0 0.0
32f
1.0 0.0 1.74846e-007 0.0 -0.809017 0.587786 1.41453e-007 -0.587786 -0.809017
0.0 0.0 0.0
33f
1.0 0.0 1.74846e-007 -1.41453e-007 -0.587785 0.809017 0.0 -0.809017 -0.587785
0.0 0.0 0.0
34f
1.0 0.0 1.74846e-007 -1.66288e-007 -0.309017 0.951056 0.0 -0.951056 -0.309017
0.0 0.0 0.0
35f
1.0 0.0 1.74846e-007 -1.74846e-007 0.0 1.0 0.0 -1.0 0.0
0.0 0.0 0.0
36f
1.0 0.0 1.74846e-007 -1.63363e-007 0.356412 0.934329 0.0 -0.934329 0.356412
0.0 0.0 0.0
37f
1.0 0.0 1.74846e-007 -1.24409e-007 0.70265 0.711536 -1.22855e-007 -0.711536 0.70265
0.0 0.0 0.0
38f
1.0 0.0 1.74846e-007 0.0 0.920232 0.391374 -1.60898e-007 -0.391374 0.920232
0.0 0.0 0.0
39f
1.0 0.0 1.74846e-007 0.0 0.993611 0.112856 -1.73729e-007 -0.112856 0.993611
0.0 0.0 0.0
40f
1.0 0.0 1.74846e-007 0.0 1.0 -1.74846e-007 -1.74846e-007 1.74846e-007 1.0
0.0 0.0 0.0
41f
0.993611 -0.112856 1.74846e-007 0.112856 0.993611 -1.74846e-007 -1.53996e-007 1.93461e-007 1.0
0.0 0.0 0.0
42f
0.920232 -0.391374 1.74846e-007 0.391374 0.920232 -1.74846e-007 0.0 2.29328e-007 1.0
0.0 0.0 0.0
43f
0.70265 -0.711536 1.74846e-007 0.711536 0.70265 -1.74846e-007 0.0 2.47264e-007 1.0
0.0 0.0 0.0
44f
0.356412 -0.934329 1.74846e-007 0.934329 0.356412 -1.74846e-007 0.0 2.2568e-007 1.0
0.0 0.0 0.0
45f
0.0 -1.0 1.74846e-007 1.0 0.0 -1.74846e-007 1.74846e-007 1.74846e-007 1.0
0.0 0.0 0.0
46f
-0.309017 -0.951056 1.74846e-007 0.951056 -0.309017 -1.74846e-007 2.20318e-007 0.0 1.0
0.0 0.0 0.0
47f
-0.587785 -0.809017 1.74846e-007 0.809017 -0.587785 -1.74846e-007 2.44225e-007 0.0 1.0
0.0 0.0 0.0
48f
-0.809017 -0.587785 1.74846e-007 0.587785 -0.809017 -1.74846e-007 2.44225e-007 0.0 1.0
0.0 0.0 0.0
49f
-0.951057 -0.309017 1.74846e-007 0.309017 -0.951057 -1.74846e-007 2.20318e-007 0.0 1.0
0.0 0.0 0.0
50f
-1.0 3.25841e-007 1.74846e-007 -3.25841e-007 -1.0 -1.74846e-007 1.74845e-007 -1.74846e-007 1.0
0.0 0.0 0.0
51f
-0.951057 0.309017 1.74846e-007 -0.309017 -0.951057 -1.74846e-007 0.0 -2.20318e-007 1.0
0.0 0.0 0.0
52f
-0.809017 0.587785 1.74846e-007 -0.587785 -0.809017 -1.74846e-007 0.0 -2.44225e-007 1.0
0.0 0.0 0.0
53f
-0.587785 0.809017 1.74846e-007 -0.809017 -0.587785 -1.74846e-007 0.0 -2.44225e-007 1.0
0.0 0.0 0.0
54f
-0.309017 0.951056 1.74846e-007 -0.951056 -0.309017 -1.74846e-007 0.0 -2.20318e-007 1.0
0.0 0.0 0.0
55f
0.0 1.0 1.74846e-007 -1.0 0.0 -1.74846e-007 -1.74846e-007 -1.74846e-007 1.0
0.0 0.0 0.0
56f
0.356411 0.934329 1.74846e-007 -0.934329 0.356411 -1.74846e-007 -2.2568e-007 0.0 1.0
0.0 0.0 0.0
57f
0.70265 0.711536 1.74846e-007 -0.711536 0.70265 -1.74846e-007 -2.47264e-007 0.0 1.0
0.0 0.0 0.0
58f
0.920232 0.391374 1.74846e-007 -0.391374 0.920232 -1.74846e-007 -2.29328e-007 0.0 1.0
0.0 0.0 0.0
59f
0.993611 0.112856 1.74846e-007 -0.112856 0.993611 -1.74846e-007 -1.93461e-007 1.53996e-007 1.0
0.0 0.0 0.0
60f
1.0 -1.74846e-007 1.74846e-007 1.74846e-007 1.0 -1.74846e-007 -1.74846e-007 1.74846e-007 1.0
0.0 0.0 0.0
61f
0.998402 -1.74566e-007 -0.0565183 0.00319449 0.998402 0.0564279 0.0564279 -0.0565183 0.996806
0.0 0.0 0.0
62f
0.979855 -1.71323e-007 -0.19971 0.0398841 0.979855 0.195686 0.195686 -0.19971 0.960116
0.0 0.0 0.0
63f
0.922673 -1.61325e-007 -0.385584 0.148675 0.922673 0.355768 0.355768 -0.385584 0.851325
0.0 0.0 0.0
64f
0.823533 -1.43991e-007 -0.567269 0.321794 0.823532 0.467165 0.467164 -0.567269 0.678206
0.0 0.0 0.0
65f
0.707107 -1.23634e-007 -0.707107 0.5 0.707107 0.5 0.5 -0.707107 0.5
0.0 0.0 0.0
66f
0.587785 0.0 -0.809017 0.654509 0.587785 0.475528 0.475528 -0.809017 0.345491
0.0 0.0 0.0
67f
0.453991 0.0 -0.891006 0.793893 0.453991 0.404509 0.404508 -0.891006 0.206108
0.0 0.0 0.0
68f
0.309017 0.0 -0.951056 0.904508 0.309017 0.293893 0.293893 -0.951057 0.0954916
0.0 0.0 0.0
69f
0.156435 0.0 -0.987688 0.975528 0.156434 0.154509 0.154508 -0.987688 0.0244718
0.0 0.0 0.0
70f
0.0 0.0 -1.0 1.0 -1.62921e-007 0.0 -1.62921e-007 -1.0 0.0
0.0 0.0 0.0
71f
-0.156435 0.0 -0.987688 0.971337 -0.181206 -0.153845 -0.178975 -0.983445 0.0283468
0.0 0.0 0.0
72f
-0.309017 0.0 -0.951057 0.879801 -0.379779 -0.285864 -0.361191 -0.925077 0.117358
0.0 0.0 0.0
73f
-0.45399 0.0 -0.891007 0.74317 -0.551646 -0.378664 -0.49152 -0.834079 0.250442
0.0 0.0 0.0
74f
-0.587785 0.0 -0.809017 0.603479 -0.666012 -0.438453 -0.538815 -0.745941 0.391472
0.0 0.0 0.0
75f
-0.707107 1.23635e-007 -0.707107 0.5 -0.707107 -0.5 -0.5 -0.707107 0.5
0.0 0.0 0.0
76f
-0.79399 1.38826e-007 -0.60793 0.496277 -0.577573 -0.648165 -0.351124 -0.816339 0.458587
0.0 0.0 0.0
77f
-0.854277 1.49367e-007 -0.519817 0.511212 -0.181206 -0.840135 -0.0941943 -0.983445 0.1548
0.0 0.0 0.0
78f
-0.910106 1.59128e-007 -0.414376 0.381322 0.391374 -0.837508 0.162176 -0.920232 -0.356192
0.0 0.0 0.0
79f
-0.967002 1.69076e-007 -0.254771 0.132434 0.854278 -0.502664 0.217645 -0.519817 -0.826088
0.0 0.0 0.0
80f
-1.0 1.74846e-007 1.50996e-007 1.74846e-007 1.0 1.74846e-007 -1.50996e-007 1.74846e-007 -1.0
0.0 0.0 0.0
81f
-0.902134 1.57734e-007 0.431456 0.224278 0.854278 0.468945 -0.368583 0.519817 -0.770673
0.0 0.0 0.0
82f
-0.492728 0.0 0.870183 0.80077 0.391374 0.453424 -0.340567 0.920232 -0.192841
0.0 0.0 0.0
83f
0.106611 0.0 0.994301 0.97784 -0.181206 -0.104846 0.180173 0.983445 -0.0193185
0.0 0.0 0.0
84f
0.556876 0.0 0.830596 0.678048 -0.577572 -0.454599 0.479729 0.81634 -0.321636
0.0 0.0 0.0
85f
0.707107 -1.23634e-007 0.707107 0.5 -0.707107 -0.5 0.5 0.707107 -0.5
0.0 0.0 0.0
86f
0.647056 0.0 0.762443 0.568737 -0.666012 -0.482666 0.507796 0.745941 -0.430947
0.0 0.0 0.0
87f
0.48725 0.0 0.873262 0.728369 -0.551646 -0.406405 0.481731 0.834079 -0.268789
0.0 0.0 0.0
88f
0.272952 0.0 0.962028 0.88995 -0.379779 -0.252502 0.365358 0.925077 -0.103661
0.0 0.0 0.0
89f
0.0815905 0.0 0.996666 0.980166 -0.181206 -0.0802398 0.180602 0.983445 -0.0147847
0.0 0.0 0.0
90f
-1.62921e-007 0.0 1.0 1.0 0.0 1.62921e-007 0.0 1.0 0.0
0.0 0.0 0.0
91f
0.0565183 0.0 0.998402 0.98611 0.156435 -0.0558225 -0.156184 0.987688 0.00884142
0.0 0.0 0.0
92f
0.19971 0.0 0.979855 0.931898 0.309017 -0.189935 -0.302792 0.951057 0.0617137
0.0 0.0 0.0
93f
0.385584 0.0 0.922673 0.822108 0.45399 -0.343558 -0.418884 0.891007 0.175051
0.0 0.0 0.0
94f
0.567269 0.0 0.823533 0.666252 0.587785 -0.45893 -0.48406 0.809017 0.333432
0.0 0.0 0.0
95f
0.707107 -1.23634e-007 0.707107 0.5 0.707107 -0.5 -0.5 0.707107 0.5
0.0 0.0 0.0
96f
0.823533 -1.43991e-007 0.567269 0.321794 0.823533 -0.467164 -0.467164 0.567269 0.678206
0.0 0.0 0.0
97f
0.922673 -1.61325e-007 0.385584 0.148675 0.922673 -0.355768 -0.355768 0.385584 0.851325
0.0 0.0 0.0
98f
0.979855 -1.71323e-007 0.19971 0.0398844 0.979855 -0.195687 -0.195687 0.19971 0.960116
0.0 0.0 0.0
99f
0.998402 -1.74566e-007 0.0565186 0.00319453 0.998402 -0.0564283 -0.0564282 0.0565187 0.996806
0.0 0.0 0.0
100f
1.0 -1.74846e-007 0.0 1.74846e-007 1.0 -1.74846e-007 0.0 1.74846e-007 1.0
0.0 0.0 0.0
101f
1.0 0.0 0.0 0.0 1.0 0.0 0.0 0.0 1.0
0.0 0.0 0.0
102f
0.993611 0.0 0.112856 0.0 1.0 0.0 -0.112856 0.0 0.993611
0.0 0.0 0.0
103f
0.920232 0.0 0.391374 0.0 1.0 0.0 -0.391374 0.0 0.920232
0.0 0.0 0.0
104f
0.70265 0.0 0.711536 0.0 1.0 0.0 -0.711536 0.0 0.70265
0.0 0.0 0.0
105f
0.356412 0.0 0.934329 0.0 1.0 0.0 -0.934329 0.0 0.356412
0.0 0.0 0.0
106f
0.0 0.0 1.0 0.0 1.0 0.0 -1.0 0.0 0.0
0.0 0.0 0.0
107f
-0.309017 0.0 0.951057 0.0 1.0 0.0 -0.951057 0.0 -0.309017
0.0 0.0 0.0
108f
-0.587785 0.0 0.809017 0.0 1.0 0.0 -0.809017 0.0 -0.587785
0.0 0.0 0.0
109f
-0.809017 0.0 0.587785 0.0 1.0 0.0 -0.587785 0.0 -0.809017
0.0 0.0 0.0
110f
-0.951057 0.0 0.309017 0.0 1.0 0.0 -0.309017 0.0 -0.951057
0.0 0.0 0.0
111f
-1.0 0.0 0.0 0.0 1.0 0.0 0.0 0.0 -1.0
0.0 0.0 0.0
112f
-0.951056 0.0 -0.309017 0.0 1.0 0.0 0.309017 0.0 -0.951056
0.0 0.0 0.0
113f
-0.809017 0.0 -0.587785 0.0 1.0 0.0 0.587785 0.0 -0.809017
0.0 0.0 0.0
114f
-0.587785 0.0 -0.809017 0.0 1.0 0.0 0.809017 0.0 -0.587785
0.0 0.0 0.0
115f
-0.309017 0.0 -0.951056 0.0 1.0 0.0 0.951056 0.0 -0.309017
0.0 0.0 0.0
116f
0.0 0.0 -1.0 0.0 1.0 0.0 1.0 0.0 0.0
0.0 0.0 0.0
117f
0.356412 0.0 -0.934329 0.0 1.0 0.0 0.934329 0.0 0.356412
0.0 0.0 0.0
118f
0.70265 0.0 -0.711536 0.0 1.0 0.0 0.711536 0.0 0.70265
0.0 0.0 0.0
119f
0.920232 0.0 -0.391374 0.0 1.0 0.0 0.391374 0.0 0.920232
0.0 0.0 0.0
120f
0.993611 0.0 -0.112856 0.0 1.0 0.0 0.112856 0.0 0.993611
0.0 0.0 0.0
121f
1.0 0.0 1.74846e-007 0.0 1.0 0.0 -1.74846e-007 0.0 1.0
0.0 0.0 0.0
122f
1.0 0.0 1.74846e-007 0.0 0.993611 -0.112856 -1.73729e-007 0.112856 0.993611
0.0 0.0 0.0
123f
1.0 0.0 1.74846e-007 0.0 0.920232 -0.391374 -1.60898e-007 0.391374 0.920232
0.0 0.0 0.0
124f
1.0 0.0 1.74846e-007 1.24409e-007 0.70265 -0.711536 -1.22855e-007 0.711536 0.70265
0.0 0.0 0.0
125f
1.0 0.0 1.74846e-007 1.63363e-007 0.356412 -0.934329 0.0 0.934329 0.356412
0.0 0.0 0.0
126f
1.0 0.0 1.74846e-007 1.74846e-007 0.0 -1.0 0.0 1.0 0.0
0.0 0.0 0.0
127f
1.0 0.0 1.74846e-007 1.66288e-007 -0.309017 -0.951056 0.0 0.951056 -0.309017
0.0 0.0 0.0
128f
1.0 0.0 1.74846e-007 1.41453e-007 -0.587785 -0.809017 0.0 0.809017 -0.587785
0.0 0.0 0.0
129f
1.0 0.0 1.74846e-007 0.0 -0.809017 -0.587785 1.41453e-007 0.587785 -0.809017
0.0 0.0 0.0
130f
1.0 0.0 1.74846e-007 0.0 -0.951057 -0.309017 1.66288e-007 0.309017 -0.951057
0.0 0.0 0.0
131f
1.0 0.0 1.74846e-007 0.0 -1.0 0.0 1.74846e-007 0.0 -1.0
0.0 0.0 0.0
132f
1.0 0.0 1.74846e-007 0.0 -0.951056 0.309017 1.66288e-007 -0.309017 -0.951056
0.0 0.0 0.0
133f
1.0 0.0 1.74846e-007 0.0 -0.809017 0.587786 1.41453e-007 -0.587786 -0.809017
0.0 0.0 0.0
134f
1.0 0.0 1.74846e-007 -1.41453e-007 -0.587785 0.809017 0.0 -0.809017 -0.587785
0.0 0.0 0.0
135f
1.0 0.0 1.74846e-007 -1.66288e-007 -0.309017 0.951056 0.0 -0.951056 -0.309017
0.0 0.0 0.0
136f
1.0 0.0 1.74846e-007 -1.74846e-007 0.0 1.0 0.0 -1.0 0.0
0.0 0.0 0.0
137f
1.0 0.0 1.74846e-007 -1.63363e-007 0.356412 0.934329 0.0 -0.934329 0.356412
0.0 0.0 0.0
138f
1.0 0.0 1.74846e-007 -1.24409e-007 0.70265 0.711536 -1.22855e-007 -0.711536 0.70265
0.0 0.0 0.0
139f
1.0 0.0 1.74846e-007 0.0 0.920232 0.391374 -1.60898e-007 -0.391374 0.920232
0.0 0.0 0.0
140f
1.0 0.0 1.74846e-007 0.0 0.993611 0.112856 -1.73729e-007 -0.112856 0.993611
0.0 0.0 0.0
141f
1.0 0.0 1.74846e-007 0.0 1.0 -1.74846e-007 -1.74846e-007 1.74846e-007 1.0
0.0 0.0 0.0
142f
0.993611 -0.112856 1.74846e-007 0.112856 0.993611 -1.74846e-007 -1.53996e-007 1.93461e-007 1.0
0.0 0.0 0.0
143f
0.920232 -0.391374 1.74846e-007 0.391374 0.920232 -1.74846e-007 0.0 2.29328e-007 1.0
0.0 0.0 0.0
144f
0.70265 -0.711536 1.74846e-007 0.711536 0.70265 -1.74846e-007 0.0 2.47264e-007 1.0
0.0 0.0 0.0
145f
0.356412 -0.934329 1.74846e-007 0.934329 0.356412 -1.74846e-007 0.0 2.2568e-007 1.0
0.0 0.0 0.0
146f
0.0 -1.0 1.74846e-007 1.0 0.0 -1.74846e-007 1.74846e-007 1.74846e-007 1.0
0.0 0.0 0.0
147f
-0.309017 -0.951056 1.74846e-007 0.951056 -0.309017 -1.74846e-007 2.20318e-007 0.0 1.0
0.0 0.0 0.0
148f
-0.587785 -0.809017 1.74846e-007 0.809017 -0.587785 -1.74846e-007 2.44225e-007 0.0 1.0
0.0 0.0 0.0
149f
-0.809017 -0.587785 1.74846e-007 0.587785 -0.809017 -1.74846e-007 2.44225e-007 0.0 1.0
0.0 0.0 0.0
150f
-0.951057 -0.309017 1.74846e-007 0.309017 -0.951057 -1.74846e-007 2.20318e-007 0.0 1.0
0.0 0.0 0.0
151f
-1.0 3.25841e-007 1.74846e-007 -3.25841e-007 -1.0 -1.74846e-007 1.74845e-007 -1.74846e-007 1.0
0.0 0.0 0.0
152f
-0.951057 0.309017 1.74846e-007 -0.309017 -0.951057 -1.74846e-007 0.0 -2.20318e-007 1.0
0.0 0.0 0.0
153f
-0.809017 0.587785 1.74846e-007 -0.587785 -0.809017 -1.74846e-007 0.0 -2.44225e-007 1.0
0.0 0.0 0.0
154f
-0.587785 0.809017 1.74846e-007 -0.809017 -0.587785 -1.74846e-007 0.0 -2.44225e-007 1.0
0.0 0.0 0.0
155f
-0.309017 0.951056 1.74846e-007 -0.951056 -0.309017 -1.74846e-007 0.0 -2.20318e-007 1.0
0.0 0.0 0.0
156f
0.0 1.0 1.74846e-007 -1.0 0.0 -1.74846e-007 -1.74846e-007 -1.74846e-007 1.0
0.0 0.0 0.0
157f
0.356411 0.934329 1.74846e-007 -0.934329 0.356411 -1.74846e-007 -2.2568e-007 0.0 1.0
0.0 0.0 0.0
158f
0.70265 0.711536 1.74846e-007 -0.711536 0.70265 -1.74846e-007 -2.47264e-007 0.0 1.0
0.0 0.0 0.0
159f
0.920232 0.391374 1.74846e-007 -0.391374 0.920232 -1.74846e-007 -2.29328e-007 0.0 1.0
0.0 0.0 0.0
160f
0.993611 0.112856 1.74846e-007 -0.112856 0.993611 -1.74846e-007 -1.93461e-007 1.53996e-007 1.0
0.0 0.0 0.0
161f
1.0 -1.74846e-007 1.74846e-007 1.74846e-007 1.0 -1.74846e-007 -1.74846e-007 1.74846e-007 1.0
0.0 0.0 0.0
162f
0.998402 -1.74566e-007 -0.0565183 0.00319449 0.998402 0.0564279 0.0564279 -0.0565183 0.996806
0.0 0.0 0.0
163f
0.979855 -1.71323e-007 -0.19971 0.0398841 0.979855 0.195686 0.195686 -0.19971 0.960116
0.0 0.0 0.0
164f
0.922673 -1.61325e-007 -0.385584 0.148675 0.922673 0.355768 0.355768 -0.385584 0.851325
0.0 0.0 0.0
165f
0.823533 -1.43991e-007 -0.567269 0.321794 0.823532 0.467165 0.467164 -0.567269 0.678206
0.0 0.0 0.0
166f
0.707107 -1.23634e-007 -0.707107 0.5 0.707107 0.5 0.5 -0.707107 0.5
0.0 0.0 0.0
167f
0.587785 0.0 -0.809017 0.654509 0.587785 0.475528 0.475528 -0.809017 0.345491
0.0 0.0 0.0
168f
0.453991 0.0 -0.891006 0.793893 0.453991 0.404509 0.404508 -0.891006 0.206108
0.0 0.0 0.0
169f
0.309017 0.0 -0.951056 0.904508 0.309017 0.293893 0.293893 -0.951057 0.0954916
0.0 0.0 0.0
170f
0.156435 0.0 -0.987688 0.975528 0.156434 0.154509 0.154508 -0.987688 0.0244718
0.0 0.0 0.0
171f
0.0 0.0 -1.0 1.0 -1.62921e-007 0.0 -1.62921e-007 -1.0 0.0
0.0 0.0 0.0
172f
-0.156435 0.0 -0.987688 0.971337 -0.181206 -0.153845 -0.178975 -0.983445 0.0283468
0.0 0.0 0.0
173f
-0.309017 0.0 -0.951057 0.879801 -0.379779 -0.285864 -0.361191 -0.925077 0.117358
0.0 0.0 0.0
174f
-0.45399 0.0 -0.891007 0.74317 -0.551646 -0.378664 -0.49152 -0.834079 0.250442
0.0 0.0 0.0
175f
-0.587785 0.0 -0.809017 0.603479 -0.666012 -0.438453 -0.538815 -0.745941 0.391472
0.0 0.0 0.0
176f
-0.707107 1.23635e-007 -0.707107 0.5 -0.707107 -0.5 -0.5 -0.707107 0.5
0.0 0.0 0.0
177f
-0.79399 1.38826e-007 -0.60793 0.496277 -0.577573 -0.648165 -0.351124 -0.816339 0.458587
0.0 0.0 0.0
178f
-0.854277 1.49367e-007 -0.519817 0.511212 -0.181206 -0.840135 -0.0941943 -0.983445 0.1548
0.0 0.0 0.0
179f
-0.910106 1.59128e-007 -0.414376 0.381322 0.391374 -0.837508 0.162176 -0.920232 -0.356192
0.0 0.0 0.0
180f
-0.967002 1.69076e-007 -0.254771 0.132434 0.854278 -0.502664 0.217645 -0.519817 -0.826088
0.0 0.0 0.0
181f
-1.0 1.74846e-007 1.50996e-007 1.74846e-007 1.0 1.74846e-007 -1.50996e-007 1.74846e-007 -1.0
0.0 0.0 0.0
182f
-0.902134 1.57734e-007 0.431456 0.224278 0.854278 0.468945 -0.368583 0.519817 -0.770673
0.0 0.0 0.0
183f
-0.492728 0.0 0.870183 0.80077 0.391374 0.453424 -0.340567 0.920232 -0.192841
0.0 0.0 0.0
184f
0.106611 0.0 0.994301 0.97784 -0.181206 -0.104846 0.180173 0.983445 -0.0193185
0.0 0.0 0.0
185f
0.556876 0.0 0.830596 0.678048 -0.577572 -0.454599 0.479729 0.81634 -0.321636
0.0 0.0 0.0
186f
0.707107 -1.23634e-007 0.707107 0.5 -0.707107 -0.5 0.5 0.707107 -0.5
0.0 0.0 0.0
187f
0.647056 0.0 0.762443 0.568737 -0.666012 -0.482666 0.507796 0.745941 -0.430947
0.0 0.0 0.0
188f
0.48725 0.0 0.873262 0.728369 -0.551646 -0.406405 0.481731 0.834079 -0.268789
0.0 0.0 0.0
189f
0.272952 0.0 0.962028 0.88995 -0.379779 -0.252502 0.365358 0.925077 -0.103661
0.0 0.0 0.0
190f
0.0815905 0.0 0.996666 0.980166 -0.181206 -0.0802398 0.180602 0.983445 -0.0147847
0.0 0.0 0.0
191f
-1.62921e-007 0.0 1.0 1.0 0.0 1.62921e-007 0.0 1.0 0.0
0.0 0.0 0.0
192f
0.0565183 0.0 0.998402 0.98611 0.156435 -0.0558225 -0.156184 0.987688 0.00884142
0.0 0.0 0.0
193f
0.19971 0.0 0.979855 0.931898 0.309017 -0.189935 -0.302792 0.951057 0.0617137
0.0 0.0 0.0
194f
0.385584 0.0 0.922673 0.822108 0.45399 -0.343558 -0.418884 0.891007 0.175051
0.0 0.0 0.0
195f
0.567269 0.0 0.823533 0.666252 0.587785 -0.45893 -0.48406 0.809017 0.333432
0.0 0.0 0.0
196f
0.707107 -1.23634e-007 0.707107 0.5 0.707107 -0.5 -0.5 0.707107 0.5
0.0 0.0 0.0
197f
0.823533 -1.43991e-007 0.567269 0.321794 0.823533 -0.467164 -0.467164 0.567269 0.678206
0.0 0.0 0.0
198f
0.922673 -1.61325e-007 0.385584 0.148675 0.922673 -0.355768 -0.355768 0.385584 0.851325
0.0 0.0 0.0
199f
0.979855 -1.71323e-007 0.19971 0.0398844 0.979855 -0.195687 -0.195687 0.19971 0.960116
0.0 0.0 0.0
200f
0.998402 -1.74566e-007 0.0565186 0.00319453 0.998402 -0.0564283 -0.0564282 0.0565187 0.996806
0.0 0.0 0.0
201f
1.0 -1.74846e-007 0.0 1.74846e-007 1.0 -1.74846e-007 0.0 1.74846e-007 1.0
0.0 0.0 0.0
202f
1.0 0.0 0.0 0.0 1.0 0.0 0.0 0.0 1.0
0.0 0.0 0.0
203f
0.993611 0.0 0.112856 0.0 1.0 0.0 -0.112856 0.0 0.993611
0.0 0.0 0.0
204f
0.920232 0.0 0.391374 0.0 1.0 0.0 -0.391374 0.0 0.920232
0.0 0.0 0.0
205f
0.70265 0.0 0.711536 0.0 1.0 0.0 -0.711536 0.0 0.70265
0.0 0.0 0.0
206f
0.356412 0.0 0.934329 0.0 1.0 0.0 -0.934329 0.0 0.356412
0.0 0.0 0.0
207f
0.0 0.0 1.0 0.0 1.0 0.0 -1.0 0.0 0.0
0.0 0.0 0.0
208f
-0.309017 0.0 0.951057 0.0 1.0 0.0 -0.951057 0.0 -0.309017
0.0 0.0 0.0
209f
-0.587785 0.0 0.809017 0.0 1.0 0.0 -0.809017 0.0 -0.587785
0.0 0.0 0.0
210f
-0.809017 0.0 0.587785 0.0 1.0 0.0 -0.587785 0.0 -0.809017
0.0 0.0 0.0
211f
-0.951057 0.0 0.309017 0.0 1.0 0.0 -0.309017 0.0 -0.951057
0.0 0.0 0.0
212f
-1.0 0.0 0.0 0.0 1.0 0.0 0.0 0.0 -1.0
0.0 0.0 0.0
213f
-0.951056 0.0 -0.309017 0.0 1.0 0.0 0.309017 0.0 -0.951056
0.0 0.0 0.0
214f
-0.809017 0.0 -0.587785 0.0 1.0 0.0 0.587785 0.0 -0.809017
0.0 0.0 0.0
215f
-0.587785 0.0 -0.809017 0.0 1.0 0.0 0.809017 0.0 -0.587785
0.0 0.0 0.0
216f
-0.309017 0.0 -0.951056 0.0 1.0 0.0 0.951056 0.0 -0.309017
0.0 0.0 0.0
217f
0.0 0.0 -1.0 0.0 1.0 0.0 1.0 0.0 0.0
0.0 0.0 0.0
218f
0.356412 0.0 -0.934329 0.0 1.0 0.0 0.934329 0.0 0.356412
0.0 0.0 0.0
219f
0.70265 0.0 -0.711536 0.0 1.0 0.0 0.711536 0.0 0.70265
0.0 0.0 0.0
220f
0.920232 0.0 -0.391374 0.0 1.0 0.0 0.391374 0.0 0.920232
0.0 0.0 0.0
221f
0.993611 0.0 -0.112856 0.0 1.0 0.0 0.112856 0.0 0.993611
0.0 0.0 0.0
222f
1.0 0.0 1.74846e-007 0.0 1.0 0.0 -1.74846e-007 0.0 1.0
0.0 0.0 0.0
223f
1.0 0.0 1.74846e-007 0.0 0.993611 -0.112856 -1.73729e-007 0.112856 0.993611
0.0 0.0 0.0
224f
1.0 0.0 1.74846e-007 0.0 0.920232 -0.391374 -1.60898e-007 0.391374 0.920232
0.0 0.0 0.0
225f
1.0 0.0 1.74846e-007 1.24409e-007 0.70265 -0.711536 -1.22855e-007 0.711536 0.70265
0.0 0.0 0.0
226f
1.0 0.0 1.74846e-007 1.63363e-007 0.356412 -0.934329 0.0 0.934329 0.356412
0.0 0.0 0.0
227f
1.0 0.0 1.74846e-007 1.74846e-007 0.0 -1.0 0.0 1.0 0.0
0.0 0.0 0.0
228f
1.0 0.0 1.74846e-007 1.66288e-007 -0.309017 -0.951056 0.0 0.951056 -0.309017
0.0 0.0 0.0
229f
1.0 0.0 1.74846e-007 1.41453e-007 -0.587785 -0.809017 0.0 0.809017 -0.587785
0.0 0.0 0.0
230f
1.0 0.0 1.74846e-007 0.0 -0.809017 -0.587785 1.41453e-007 0.587785 -0.809017
0.0 0.0 0.0
231f
1.0 0.0 1.74846e-007 0.0 -0.951057 -0.309017 1.66288e-007 0.309017 -0.951057
0.0 0.0 0.0
232f
1.0 0.0 1.74846e-007 0.0 -1.0 0.0 1.74846e-007 0.0 -1.0
0.0 0.0 0.0
233f
1.0 0.0 1.74846e-007 0.0 -0.951056 0.309017 1.66288e-007 -0.309017 -0.951056
0.0 0.0 0.0
234f
1.0 0.0 1.74846e-007 0.0 -0.809017 0.587786 1.41453e-007 -0.587786 -0.809017
0.0 0.0 0.0
235f
1.0 0.0 1.74846e-007 -1.41453e-007 -0.587785 0.809017 0.0 -0.809017 -0.587785
0.0 0.0 0.0
236f
1.0 0.0 1.74846e-007 -1.66288e-007 -0.309017 0.951056 0.0 -0.951056 -0.309017
0.0 0.0 0.0
237f
1.0 0.0 1.74846e-007 -1.74846e-007 0.0 1.0 0.0 -1.0 0.0
0.0 0.0 0.0
238f
1.0 0.0 1.74846e-007 -1.63363e-007 0.356412 0.934329 0.0 -0.934329 0.356412
0.0 0.0 0.0
239f
1.0 0.0 1.74846e-007 -1.24409e-007 0.70265 0.711536 -1.22855e-007 -0.711536 0.70265
0.0 0.0 0.0
240f
1.0 0.0 1.74846e-007 0.0 0.920232 0.391374 -1.60898e-007 -0.391374 0.920232
0.0 0.0 0.0
241f
1.0 0.0 1.74846e-007 0.0 0.993611 0.112856 -1.73729e-007 -0.112856 0.993611
0.0 0.0 0.0
242f
1.0 0.0 1.74846e-007 0.0 1.0 -1.74846e-007 -1.74846e-007 1.74846e-007 1.0
0.0 0.0 0.0
243f
0.993611 -0.112856 1.74846e-007 0.112856 0.993611 -1.74846e-007 -1.53996e-007 1.93461e-007 1.0
0.0 0.0 0.0
244f
0.920232 -0.391374 1.74846e-007 0.391374 0.920232 -1.74846e-007 0.0 2.29328e-007 1.0
0.0 0.0 0.0
245f
0.70265 -0.711536 1.74846e-007 0.711536 0.70265 -1.74846e-007 0.0 2.47264e-007 1.0
0.0 0.0 0.0
246f
0.356412 -0.934329 1.74846e-007 0.934329 0.356412 -1.74846e-007 0.0 2.2568e-007 1.0
0.0 0.0 0.0
247f
0.0 -1.0 1.74846e-007 1.0 0.0 -1.74846e-007 1.74846e-007 1.74846e-007 1.0
0.0 0.0 0.0
248f
-0.309017 -0.951056 1.74846e-007 0.951056 -0.309017 -1.74846e-007 2.20318e-007 0.0 1.0
0.0 0.0 0.0
249f
-0.587785 -0.809017 1.74846e-007 0.809017 -0.587785 -1.74846e-007 2.44225e-007 0.0 1.0
0.0 0.0 0.0
250f
-0.809017 -0.587785 1.74846e-007 0.587785 -0.809017 -1.74846e-007 2.44225e-007 0.0 1.0
0.0 0.0 0.0
251f
-0.951057 -0.309017 1.74846e-007 0.309017 -0.951057 -1.74846e-007 2.20318e-007 0.0 1.0
0.0 0.0 0.0
252f
-1.0 3.25841e-007 1.74846e-007 -3.25841e-007 -1.0 -1.74846e-007 1.74845e-007 -1.74846e-007 1.0
0.0 0.0 0.0
253f
-0.951057 0.309017 1.74846e-007 -0.309017 -0.951057 -1.74846e-007 0.0 -2.20318e-007 1.0
0.0 0.0 0.0
254f
-0.809017 0.587785 1.74846e-007 -0.587785 -0.809017 -1.74846e-007 0.0 -2.44225e-007 1.0
0.0 0.0 0.0
255f
-0.587785 0.809017 1.74846e-007 -0.809017 -0.587785 -1.74846e-007 0.0 -2.44225e-007 1.0
0.0 0.0 0.0
256f
-0.309017 0.951056 1.74846e-007 -0.951056 -0.309017 -1.74846e-007 0.0 -2.20318e-007 1.0
0.0 0.0 0.0
257f
0.0 1.0 1.74846e-007 -1.0 0.0 -1.74846e-007 -1.74846e-007 -1.74846e-007 1.0
0.0 0.0 0.0
258f
0.356411 0.934329 1.74846e-007 -0.934329 0.356411 -1.74846e-007 -2.2568e-007 0.0 1.0
0.0 0.0 0.0
259f
0.70265 0.711536 1.74846e-007 -0.711536 0.70265 -1.74846e-007 -2.47264e-007 0.0 1.0
0.0 0.0 0.0
260f
0.920232 0.391374 1.74846e-007 -0.391374 0.920232 -1.74846e-007 -2.29328e-007 0.0 1.0
0.0 0.0 0.0
261f
0.993611 0.112856 1.74846e-007 -0.112856 0.993611 -1.74846e-007 -1.93461e-007 1.53996e-007 1.0
0.0 0.0 0.0
262f
1.0 -1.74846e-007 1.74846e-007 1.74846e-007 1.0 -1.74846e-007 -1.74846e-007 1.74846e-007 1.0
0.0 0.0 0.0
263f
0.998402 -1.74566e-007 -0.0565183 0.00319449 0.998402 0.0564279 0.0564279 -0.0565183 0.996806
0.0 0.0 0.0
264f
0.979855 -1.71323e-007 -0.19971 0.0398841 0.979855 0.195686 0.195686 -0.19971 0.960116
0.0 0.0 0.0
265f
0.922673 -1.61325e-007 -0.385584 0.148675 0.922673 0.355768 0.355768 -0.385584 0.851325
0.0 0.0 0.0
266f
0.823533 -1.43991e-007 -0.567269 0.321794 0.823532 0.467165 0.467164 -0.567269 0.678206
0.0 0.0 0.0
267f
0.707107 -1.23634e-007 -0.707107 0.5 0.707107 0.5 0.5 -0.707107 0.5
0.0 0.0 0.0
268f
0.587785 0.0 -0.809017 0.654509 0.587785 0.475528 0.475528 -0.809017 0.345491
0.0 0.0 0.0
269f
0.453991 0.0 -0.891006 0.793893 0.453991 0.404509 0.404508 -0.891006 0.206108
0.0 0.0 0.0
270f
0.309017 0.0 -0.951056 0.904508 0.309017 0.293893 0.293893 -0.951057 0.0954916
0.0 0.0 0.0
271f
0.156435 0.0 -0.987688 0.975528 0.156434 0.154509 0.154508 -0.987688 0.0244718
0.0 0.0 0.0
272f
0.0 0.0 -1.0 1.0 -1.62921e-007 0.0 -1.62921e-007 -1.0 0.0
0.0 0.0 0.0
273f
-0.156435 0.0 -0.987688 0.971337 -0.181206 -0.153845 -0.178975 -0.983445 0.0283468
0.0 0.0 0.0
274f
-0.309017 0.0 -0.951057 0.879801 -0.379779 -0.285864 -0.361191 -0.925077 0.117358
0.0 0.0 0.0
275f
-0.45399 0.0 -0.891007 0.74317 -0.551646 -0.378664 -0.49152 -0.834079 0.250442
0.0 0.0 0.0
276f
-0.587785 0.0 -0.809017 0.603479 -0.666012 -0.438453 -0.538815 -0.745941 0.391472
0.0 0.0 0.0
277f
-0.707107 1.23635e-007 -0.707107 0.5 -0.707107 -0.5 -0.5 -0.707107 0.5
0.0 0.0 0.0
278f
-0.79399 1.38826e-007 -0.60793 0.496277 -0.577573 -0.648165 -0.351124 -0.816339 0.458587
0.0 0.0 0.0
279f
-0.854277 1.49367e-007 -0.519817 0.511212 -0.181206 -0.840135 -0.0941943 -0.983445 0.1548
0.0 0.0 0.0
280f
-0.910106 1.59128e-007 -0.414376 0.381322 0.391374 -0.837508 0.162176 -0.920232 -0.356192
0.0 0.0 0.0
281f
-0.967002 1.69076e-007 -0.254771 0.132434 0.854278 -0.502664 0.217645 -0.519817 -0.826088
0.0 0.0 0.0
282f
-1.0 1.74846e-007 1.50996e-007 1.74846e-007 1.0 1.74846e-007 -1.50996e-007 1.74846e-007 -1.0
0.0 0.0 0.0
283f
-0.902134 1.57734e-007 0.431456 0.224278 0.854278 0.468945 -0.368583 0.519817 -0.770673
0.0 0.0 0.0
284f
-0.492728 0.0 0.870183 0.80077 0.391374 0.453424 -0.340567 0.920232 -0.192841
0.0 0.0 0.0
285f
0.106611 0.0 0.994301 0.97784 -0.181206 -0.104846 0.180173 0.983445 -0.0193185
0.0 0.0 0.0
286f
0.556876 0.0 0.830596 0.678048 -0.577572 -0.454599 0.479729 0.81634 -0.321636
0.0 0.0 0.0
287f
0.707107 -1.23634e-007 0.707107 0.5 -0.707107 -0.5 0.5 0.707107 -0.5
0.0 0.0 0.0
288f
0.647056 0.0 0.762443 0.568737 -0.666012 -0.482666 0.507796 0.745941 -0.430947
0.0 0.0 0.0
289f
0.48725 0.0 0.873262 0.728369 -0.551646 -0.406405 0.481731 0.834079 -0.268789
0.0 0.0 0.0
290f
0.272952 0.0 0.962028 0.88995 -0.379779 -0.252502 0.365358 0.925077 -0.103661
0.0 0.0 0.0
291f
0.0815905 0.0 0.996666 0.980166 -0.181206 -0.0802398 0.180602 0.983445 -0.0147847
0.0 0.0 0.0
292f
-1.62921e-007 0.0 1.0 1.0 0.0 1.62921e-007 0.0 1.0 0.0
0.0 0.0 0.0
293f
0.0565183 0.0 0.998402 0.98611 0.156435 -0.0558225 -0.156184 0.987688 0.00884142
0.0 0.0 0.0
294f
0.19971 0.0 0.979855 0.931898 0.309017 -0.189935 -0.302792 0.951057 0.0617137
0.0 0.0 0.0
295f
0.385584 0.0 0.922673 0.822108 0.45399 -0.343558 -0.418884 0.891007 0.175051
0.0 0.0 0.0
296f
0.567269 0.0 0.823533 0.666252 0.587785 -0.45893 -0.48406 0.809017 0.333432
0.0 0.0 0.0
297f
0.707107 -1.23634e-007 0.707107 0.5 0.707107 -0.5 -0.5 0.707107 0.5
0.0 0.0 0.0
298f
0.823533 -1.43991e-007 0.567269 0.321794 0.823533 -0.467164 -0.467164 0.567269 0.678206
0.0 0.0 0.0
299f
0.922673 -1.61325e-007 0.385584 0.148675 0.922673 -0.355768 -0.355768 0.385584 0.851325
0.0 0.0 0.0
300f
0.979855 -1.71323e-007 0.19971 0.0398844 0.979855 -0.195687 -0.195687 0.19971 0.960116
0.0 0.0 0.0
301f
0.998402 -1.74566e-007 0.0565186 0.00319453 0.998402 -0.0564283 -0.0564282 0.0565187 0.996806
0.0 0.0 0.0
302f
1.0 -1.74846e-007 0.0 1.74846e-007 1.0 -1.74846e-007 0.0 1.74846e-007 1.0
0.0 0.0 0.0
