303f
0f
1.0 0.0 0.0 0.0 1.0 0.0 0.0 0.0 1.0
-300.0 0.0 0.0
1f
0.5 0.0 -0.866026 0.75 0.5 0.433013 0.433013 -0.866026 0.25
0.0 0.0 0.0
2f
0.5 0.0 -0.866026 0.75 0.5 0.433013 0.433013 -0.866026 0.25
0.0 0.0 0.0
3f
0.5 0.0 -0.866026 0.75 0.5 0.433013 0.433013 -0.866026 0.25
0.0 0.0 0.0
4f
0.5 0.0 -0.866026 0.75 0.5 0.433013 0.433013 -0.866026 0.25
0.0 0.0 0.0
5f
0.5 0.0 -0.866026 0.75 0.5 0.433013 0.433013 -0.866026 0.25
0.0 0.0 0.0
6f
0.5 0.0 -0.866026 0.75 0.5 0.433013 0.433013 -0.866026 0.25
0.0 0.0 0.0
7f
0.5 0.0 -0.866026 0.75 0.5 0.433013 0.433013 -0.866026 0.25
0.0 0.0 0.0
8f
0.5 0.0 -0.866026 0.75 0.5 0.433013 0.433013 -0.866026 0.25
0.0 0.0 0.0
9f
0.5 0.0 -0.866026 0.75 0.5 0.433013 0.433013 -0.866026 0.25
0.0 0.0 0.0
10f
0.5 0.0 -0.866026 0.75 0.5 0.433013 0.433013 -0.866026 0.25
0.0 0.0 0.0
11f
0.5 0.0 -0.866026 0.75 0.5 0.433013 0.433013 -0.866026 0.25
0.0 0.0 0.0
12f
0.5 0.0 -0.866026 0.75 0.5 0.433013 0.433013 -0.866026 0.25
0.0 0.0 0.0
13f
0.5 0.0 -0.866026 0.75 0.5 0.433013 0.433013 -0.866026 0.25
0.0 0.0 0.0
14f
0.5 0.0 -0.866026 0.75 0.5 0.433013 0.433013 -0.866026 0.25
0.0 0.0 0.0
15f
0.5 0.0 -0.866026 0.75 0.5 0.433013 0.433013 -0.866026 0.25
0.0 0.0 0.0
16f
0.5 0.0 -0.866026 0.75 0.5 0.433013 0.433013 -0.866026 0.25
0.0 0.0 0.0
17f
0.5 0.0 -0.866026 0.75 0.5 0.433013 0.433013 -0.866026 0.25
0.0 0.0 0.0
18f
0.5 0.0 -0.866026 0.75 0.5 0.433013 0.433013 -0.866026 0.25
0.0 0.0 0.0
19f
0.5 0.0 -0.866026 0.75 0.5 0.433013 0.433013 -0.866026 0.25
0.0 0.0 0.0
20f
0.5 0.0 -0.866026 0.75 0.5 0.433013 0.433013 -0.866026 0.25
0.0 0.0 0.0
21f
0.5 0.0 -0.866026 0.75 0.5 0.433013 0.433013 -0.866026 0.25
0.0 0.0 0.0
22f
0.5 0.0 -0.866026 0.75 0.5 0.433013 0.433013 -0.866026 0.25
0.0 0.0 0.0
23f
0.5 0.0 -0.866026 0.75 0.5 0.433013 0.433013 -0.866026 0.25
0.0 0.0 0.0
24f
0.5 0.0 -0.866026 0.75 0.5 0.433013 0.433013 -0.866026 0.25
0.0 0.0 0.0
25f
0.5 0.0 -0.866026 0.75 0.5 0.433013 0.433013 -0.866026 0.25
0.0 0.0 0.0
26f
0.5 0.0 -0.866026 0.75 0.5 0.433013 0.433013 -0.866026 0.25
0.0 0.0 0.0
27f
0.5 0.0 -0.866026 0.75 0.5 0.433013 0.433013 -0.866026 0.25
0.0 0.0 0.0
28f
0.5 0.0 -0.866026 0.75 0.5 0.433013 0.433013 -0.866026 0.25
0.0 0.0 0.0
29f
0.5 0.0 -0.866026 0.75 0.5 0.433013 0.433013 -0.866026 0.25
0.0 0.0 0.0
30f
0.5 0.0 -0.866026 0.75 0.5 0.433013 0.433013 -0.866026 0.25
0.0 0.0 0.0
31f
0.5 0.0 -0.866026 0.75 0.5 0.433013 0.433013 -0.866026 0.25
0.0 0.0 0.0
32f
0.5 0.0 -0.866026 0.75 0.5 0.433013 0.433013 -0.866026 0.25
0.0 0.0 0.0
33f
0.5 0.0 -0.866026 0.75 0.5 0.433013 0.433013 -0.866026 0.25
0.0 0.0 0.0
34f
0.5 0.0 -0.866026 0.75 0.5 0.433013 0.433013 -0.866026 0.25
0.0 0.0 0.0
35f
0.5 0.0 -0.866026 0.75 0.5 0.433013 0.433013 -0.866026 0.25
0.0 0.0 0.0
36f
0.5 0.0 -0.866026 0.75 0.5 0.433013 0.433013 -0.866026 0.25
0.0 0.0 0.0
37f
0.5 0.0 -0.866026 0.75 0.5 0.433013 0.433013 -0.866026 0.25
0.0 0.0 0.0
38f
0.5 0.0 -0.866026 0.75 0.5 0.433013 0.433013 -0.866026 0.25
0.0 0.0 0.0
39f
0.5 0.0 -0.866026 0.75 0.5 0.433013 0.433013 -0.866026 0.25
0.0 0.0 0.0
40f
0.5 0.0 -0.866026 0.75 0.5 0.433013 0.433013 -0.866026 0.25
0.0 0.0 0.0
41f
0.5 0.0 -0.866026 0.75 0.5 0.433013 0.433013 -0.866026 0.25
0.0 0.0 0.0
42f
0.5 0.0 -0.866026 0.75 0.5 0.433013 0.433013 -0.866026 0.25
0.0 0.0 0.0
43f
0.5 0.0 -0.866026 0.75 0.5 0.433013 0.433013 -0.866026 0.25
0.0 0.0 0.0
44f
0.5 0.0 -0.866026 0.75 0.5 0.433013 0.433013 -0.866026 0.25
0.0 0.0 0.0
45f
0.5 0.0 -0.866026 0.75 0.5 0.433013 0.433013 -0.866026 0.25
0.0 0.0 0.0
46f
0.5 0.0 -0.866026 0.75 0.5 0.433013 0.433013 -0.866026 0.25
0.0 0.0 0.0
47f
0.5 0.0 -0.866026 0.75 0.5 0.433013 0.433013 -0.866026 0.25
0.0 0.0 0.0
48f
0.5 0.0 -0.866026 0.75 0.5 0.433013 0.433013 -0.866026 0.25
0.0 0.0 0.0
49f
0.5 0.0 -0.866026 0.75 0.5 0.433013 0.433013 -0.866026 0.25
0.0 0.0 0.0
50f
0.5 0.0 -0.866026 0.75 0.5 0.433013 0.433013 -0.866026 0.25
0.0 0.0 0.0
51f
0.5 0.0 -0.866026 0.75 0.5 0.433013 0.433013 -0.866026 0.25
0.0 0.0 0.0
52f
0.5 0.0 -0.866026 0.75 0.5 0.433013 0.433013 -0.866026 0.25
0.0 0.0 0.0
53f
0.5 0.0 -0.866026 0.75 0.5 0.433013 0.433013 -0.866026 0.25
0.0 0.0 0.0
54f
0.5 0.0 -0.866026 0.75 0.5 0.433013 0.433013 -0.866026 0.25
0.0 0.0 0.0
55f
0.5 0.0 -0.866026 0.75 0.5 0.433013 0.433013 -0.866026 0.25
0.0 0.0 0.0
56f
0.5 0.0 -0.866026 0.75 0.5 0.433013 0.433013 -0.866026 0.25
0.0 0.0 0.0
57f
0.5 0.0 -0.866026 0.75 0.5 0.433013 0.433013 -0.866026 0.25
0.0 0.0 0.0
58f
0.5 0.0 -0.866026 0.75 0.5 0.433013 0.433013 -0.866026 0.25
0.0 0.0 0.0
59f
0.5 0.0 -0.866026 0.75 0.5 0.433013 0.433013 -0.866026 0.25
0.0 0.0 0.0
60f
0.5 0.0 -0.866026 0.75 0.5 0.433013 0.433013 -0.866026 0.25
0.0 0.0 0.0
61f
0.5 0.0 -0.866026 0.75 0.5 0.433013 0.433013 -0.866026 0.25
0.0 0.0 0.0
62f
0.5 0.0 -0.866026 0.75 0.5 0.433013 0.433013 -0.866026 0.25
0.0 0.0 0.0
63f
0.5 0.0 -0.866026 0.75 0.5 0.433013 0.433013 -0.866026 0.25
0.0 0.0 0.0
64f
0.5 0.0 -0.866026 0.75 0.5 0.433013 0.433013 -0.866026 0.25
0.0 0.0 0.0
65f
0.5 0.0 -0.866026 0.75 0.5 0.433013 0.433013 -0.866026 0.25
0.0 0.0 0.0
66f
0.5 0.0 -0.866026 0.75 0.5 0.433013 0.433013 -0.866026 0.25
0.0 0.0 0.0
67f
0.5 0.0 -0.866026 0.75 0.5 0.433013 0.433013 -0.866026 0.25
0.0 0.0 0.0
68f
0.5 0.0 -0.866026 0.75 0.5 0.433013 0.433013 -0.866026 0.25
0.0 0.0 0.0
69f
0.5 0.0 -0.866026 0.75 0.5 0.433013 0.433013 -0.866026 0.25
0.0 0.0 0.0
70f
0.5 0.0 -0.866026 0.75 0.5 0.433013 0.433013 -0.866026 0.25
0.0 0.0 0.0
71f
0.5 0.0 -0.866026 0.75 0.5 0.433013 0.433013 -0.866026 0.25
0.0 0.0 0.0
72f
0.5 0.0 -0.866026 0.75 0.5 0.433013 0.433013 -0.866026 0.25
0.0 0.0 0.0
73f
0.5 0.0 -0.866026 0.75 0.5 0.433013 0.433013 -0.866026 0.25
0.0 0.0 0.0
74f
0.5 0.0 -0.866026 0.75 0.5 0.433013 0.433013 -0.866026 0.25
0.0 0.0 0.0
75f
0.5 0.0 -0.866026 0.75 0.5 0.433013 0.433013 -0.866026 0.25
0.0 0.0 0.0
76f
0.5 0.0 -0.866026 0.75 0.5 0.433013 0.433013 -0.866026 0.25
0.0 0.0 0.0
77f
0.5 0.0 -0.866026 0.75 0.5 0.433013 0.433013 -0.866026 0.25
0.0 0.0 0.0
78f
0.5 0.0 -0.866026 0.75 0.5 0.433013 0.433013 -0.866026 0.25
0.0 0.0 0.0
79f
0.5 0.0 -0.866026 0.75 0.5 0.433013 0.433013 -0.866026 0.25
0.0 0.0 0.0
80f
0.5 0.0 -0.866026 0.75 0.5 0.433013 0.433013 -0.866026 0.25
0.0 0.0 0.0
81f
0.5 0.0 -0.866026 0.75 0.5 0.433013 0.433013 -0.866026 0.25
0.0 0.0 0.0
82f
0.5 0.0 -0.866026 0.75 0.5 0.433013 0.433013 -0.866026 0.25
0.0 0.0 0.0
83f
0.5 0.0 -0.866026 0.75 0.5 0.433013 0.433013 -0.866026 0.25
0.0 0.0 0.0
84f
0.5 0.0 -0.866026 0.75 0.5 0.433013 0.433013 -0.866026 0.25
0.0 0.0 0.0
85f
0.5 0.0 -0.866026 0.75 0.5 0.433013 0.433013 -0.866026 0.25
0.0 0.0 0.0
86f
0.5 0.0 -0.866026 0.75 0.5 0.433013 0.433013 -0.866026 0.25
0.0 0.0 0.0
87f
0.5 0.0 -0.866026 0.75 0.5 0.433013 0.433013 -0.866026 0.25
0.0 0.0 0.0
88f
0.5 0.0 -0.866026 0.75 0.5 0.433013 0.433013 -0.866026 0.25
0.0 0.0 0.0
89f
0.5 0.0 -0.866026 0.75 0.5 0.433013 0.433013 -0.866026 0.25
0.0 0.0 0.0
90f
0.5 0.0 -0.866026 0.75 0.5 0.433013 0.433013 -0.866026 0.25
0.0 0.0 0.0
91f
0.5 0.0 -0.866026 0.75 0.5 0.433013 0.433013 -0.866026 0.25
0.0 0.0 0.0
92f
0.5 0.0 -0.866026 0.75 0.5 0.433013 0.433013 -0.866026 0.25
0.0 0.0 0.0
93f
0.5 0.0 -0.866026 0.75 0.5 0.433013 0.433013 -0.866026 0.25
0.0 0.0 0.0
94f
0.5 0.0 -0.866026 0.75 0.5 0.433013 0.433013 -0.866026 0.25
0.0 0.0 0.0
95f
0.5 0.0 -0.866026 0.75 0.5 0.433013 0.433013 -0.866026 0.25
0.0 0.0 0.0
96f
0.5 0.0 -0.866026 0.75 0.5 0.433013 0.433013 -0.866026 0.25
0.0 0.0 0.0
97f
0.5 0.0 -0.866026 0.75 0.5 0.433013 0.433013 -0.866026 0.25
0.0 0.0 0.0
98f
0.5 0.0 -0.866026 0.75 0.5 0.433013 0.433013 -0.866026 0.25
0.0 0.0 0.0
99f
0.5 0.0 -0.866026 0.75 0.5 0.433013 0.433013 -0.866026 0.25
0.0 0.0 0.0
100f
0.5 0.0 -0.866026 0.75 0.5 0.433013 0.433013 -0.866026 0.25
0.0 0.0 0.0
101f
1.0 0.0 0.0 0.0 1.0 0.0 0.0 0.0 1.0
-300.0 0.0 0.0
102f
0.5 0.0 -0.866026 0.75 0.5 0.433013 0.433013 -0.866026 0.25
300.0 0.0 0.0
103f
0.5 0.0 -0.866026 0.75 0.5 0.433013 0.433013 -0.866026 0.25
300.0 0.0 0.0
104f
0.5 0.0 -0.866026 0.75 0.5 0.433013 0.433013 -0.866026 0.25
300.0 0.0 0.0
105f
0.5 0.0 -0.866026 0.75 0.5 0.433013 0.433013 -0.866026 0.25
300.0 0.0 0.0
106f
0.5 0.0 -0.866026 0.75 0.5 0.433013 0.433013 -0.866026 0.25
300.0 0.0 0.0
107f
0.5 0.0 -0.866026 0.75 0.5 0.433013 0.433013 -0.866026 0.25
300.0 0.0 0.0
108f
0.5 0.0 -0.866026 0.75 0.5 0.433013 0.433013 -0.866026 0.25
300.0 0.0 0.0
109f
0.5 0.0 -0.866026 0.75 0.5 0.433013 0.433013 -0.866026 0.25
300.0 0.0 0.0
110f
0.5 0.0 -0.866026 0.75 0.5 0.433013 0.433013 -0.866026 0.25
300.0 0.0 0.0
111f
0.5 0.0 -0.866026 0.75 0.5 0.433013 0.433013 -0.866026 0.25
300.0 0.0 0.0
112f
0.5 0.0 -0.866026 0.75 0.5 0.433013 0.433013 -0.866026 0.25
300.0 0.0 0.0
113f
0.5 0.0 -0.866026 0.75 0.5 0.433013 0.433013 -0.866026 0.25
300.0 0.0 0.0
114f
0.5 0.0 -0.866026 0.75 0.5 0.433013 0.433013 -0.866026 0.25
300.0 0.0 0.0
115f
0.5 0.0 -0.866026 0.75 0.5 0.433013 0.433013 -0.866026 0.25
300.0 0.0 0.0
116f
0.5 0.0 -0.866026 0.75 0.5 0.433013 0.433013 -0.866026 0.25
300.0 0.0 0.0
117f
0.5 0.0 -0.866026 0.75 0.5 0.433013 0.433013 -0.866026 0.25
300.0 0.0 0.0
118f
0.5 0.0 -0.866026 0.75 0.5 0.433013 0.433013 -0.866026 0.25
300.0 0.0 0.0
119f
0.5 0.0 -0.866026 0.75 0.5 0.433013 0.433013 -0.866026 0.25
300.0 0.0 0.0
120f
0.5 0.0 -0.866026 0.75 0.5 0.433013 0.433013 -0.866026 0.25
300.0 0.0 0.0
121f
0.5 0.0 -0.866026 0.75 0.5 0.433013 0.433013 -0.866026 0.25
300.0 0.0 0.0
122f
0.5 0.0 -0.866026 0.75 0.5 0.433013 0.433013 -0.866026 0.25
300.0 0.0 0.0
123f
0.5 0.0 -0.866026 0.75 0.5 0.433013 0.433013 -0.866026 0.25
300.0 0.0 0.0
124f
0.5 0.0 -0.866026 0.75 0.5 0.433013 0.433013 -0.866026 0.25
300.0 0.0 0.0
125f
0.5 0.0 -0.866026 0.75 0.5 0.433013 0.433013 -0.866026 0.25
300.0 0.0 0.0
126f
0.5 0.0 -0.866026 0.75 0.5 0.433013 0.433013 -0.866026 0.25
300.0 0.0 0.0
127f
0.5 0.0 -0.866026 0.75 0.5 0.433013 0.433013 -0.866026 0.25
300.0 0.0 0.0
128f
0.5 0.0 -0.866026 0.75 0.5 0.433013 0.433013 -0.866026 0.25
300.0 0.0 0.0
129f
0.5 0.0 -0.866026 0.75 0.5 0.433013 0.433013 -0.866026 0.25
300.0 0.0 0.0
130f
0.5 0.0 -0.866026 0.75 0.5 0.433013 0.433013 -0.866026 0.25
300.0 0.0 0.0
131f
0.5 0.0 -0.866026 0.75 0.5 0.433013 0.433013 -0.866026 0.25
300.0 0.0 0.0
132f
0.5 0.0 -0.866026 0.75 0.5 0.433013 0.433013 -0.866026 0.25
300.0 0.0 0.0
133f
0.5 0.0 -0.866026 0.75 0.5 0.433013 0.433013 -0.866026 0.25
300.0 0.0 0.0
134f
0.5 0.0 -0.866026 0.75 0.5 0.433013 0.433013 -0.866026 0.25
300.0 0.0 0.0
135f
0.5 0.0 -0.866026 0.75 0.5 0.433013 0.433013 -0.866026 0.25
300.0 0.0 0.0
136f
0.5 0.0 -0.866026 0.75 0.5 0.433013 0.433013 -0.866026 0.25
300.0 0.0 0.0
137f
0.5 0.0 -0.866026 0.75 0.5 0.433013 0.433013 -0.866026 0.25
300.0 0.0 0.0
138f
0.5 0.0 -0.866026 0.75 0.5 0.433013 0.433013 -0.866026 0.25
300.0 0.0 0.0
139f
0.5 0.0 -0.866026 0.75 0.5 0.433013 0.433013 -0.866026 0.25
300.0 0.0 0.0
140f
0.5 0.0 -0.866026 0.75 0.5 0.433013 0.433013 -0.866026 0.25
300.0 0.0 0.0
141f
0.5 0.0 -0.866026 0.75 0.5 0.433013 0.433013 -0.866026 0.25
300.0 0.0 0.0
142f
0.5 0.0 -0.866026 0.75 0.5 0.433013 0.433013 -0.866026 0.25
300.0 0.0 0.0
143f
0.5 0.0 -0.866026 0.75 0.5 0.433013 0.433013 -0.866026 0.25
300.0 0.0 0.0
144f
0.5 0.0 -0.866026 0.75 0.5 0.433013 0.433013 -0.866026 0.25
300.0 0.0 0.0
145f
0.5 0.0 -0.866026 0.75 0.5 0.433013 0.433013 -0.866026 0.25
300.0 0.0 0.0
146f
0.5 0.0 -0.866026 0.75 0.5 0.433013 0.433013 -0.866026 0.25
300.0 0.0 0.0
147f
0.5 0.0 -0.866026 0.75 0.5 0.433013 0.433013 -0.866026 0.25
300.0 0.0 0.0
148f
0.5 0.0 -0.866026 0.75 0.5 0.433013 0.433013 -0.866026 0.25
300.0 0.0 0.0
149f
0.5 0.0 -0.866026 0.75 0.5 0.433013 0.433013 -0.866026 0.25
300.0 0.0 0.0
150f
0.5 0.0 -0.866026 0.75 0.5 0.433013 0.433013 -0.866026 0.25
300.0 0.0 0.0
151f
0.5 0.0 -0.866026 0.75 0.5 0.433013 0.433013 -0.866026 0.25
300.0 0.0 0.0
152f
0.5 0.0 -0.866026 0.75 0.5 0.433013 0.433013 -0.866026 0.25
300.0 0.0 0.0
153f
0.5 0.0 -0.866026 0.75 0.5 0.433013 0.433013 -0.866026 0.25
300.0 0.0 0.0
154f
0.5 0.0 -0.866026 0.75 0.5 0.433013 0.433013 -0.866026 0.25
300.0 0.0 0.0
155f
0.5 0.0 -0.866026 0.75 0.5 0.433013 0.433013 -0.866026 0.25
300.0 0.0 0.0
156f
0.5 0.0 -0.866026 0.75 0.5 0.433013 0.433013 -0.866026 0.25
300.0 0.0 0.0
157f
0.5 0.0 -0.866026 0.75 0.5 0.433013 0.433013 -0.866026 0.25
300.0 0.0 0.0
158f
0.5 0.0 -0.866026 0.75 0.5 0.433013 0.433013 -0.866026 0.25
300.0 0.0 0.0
159f
0.5 0.0 -0.866026 0.75 0.5 0.433013 0.433013 -0.866026 0.25
300.0 0.0 0.0
160f
0.5 0.0 -0.866026 0.75 0.5 0.433013 0.433013 -0.866026 0.25
300.0 0.0 0.0
161f
0.5 0.0 -0.866026 0.75 0.5 0.433013 0.433013 -0.866026 0.25
300.0 0.0 0.0
162f
0.5 0.0 -0.866026 0.75 0.5 0.433013 0.433013 -0.866026 0.25
300.0 0.0 0.0
163f
0.5 0.0 -0.866026 0.75 0.5 0.433013 0.433013 -0.866026 0.25
300.0 0.0 0.0
164f
0.5 0.0 -0.866026 0.75 0.5 0.433013 0.433013 -0.866026 0.25
300.0 0.0 0.0
165f
0.5 0.0 -0.866026 0.75 0.5 0.433013 0.433013 -0.866026 0.25
300.0 0.0 0.0
166f
0.5 0.0 -0.866026 0.75 0.5 0.433013 0.433013 -0.866026 0.25
300.0 0.0 0.0
167f
0.5 0.0 -0.866026 0.75 0.5 0.433013 0.433013 -0.866026 0.25
300.0 0.0 0.0
168f
0.5 0.0 -0.866026 0.75 0.5 0.433013 0.433013 -0.866026 0.25
300.0 0.0 0.0
169f
0.5 0.0 -0.866026 0.75 0.5 0.433013 0.433013 -0.866026 0.25
300.0 0.0 0.0
170f
0.5 0.0 -0.866026 0.75 0.5 0.433013 0.433013 -0.866026 0.25
300.0 0.0 0.0
171f
0.5 0.0 -0.866026 0.75 0.5 0.433013 0.433013 -0.866026 0.25
300.0 0.0 0.0
172f
0.5 0.0 -0.866026 0.75 0.5 0.433013 0.433013 -0.866026 0.25
300.0 0.0 0.0
173f
0.5 0.0 -0.866026 0.75 0.5 0.433013 0.433013 -0.866026 0.25
300.0 0.0 0.0
174f
0.5 0.0 -0.866026 0.75 0.5 0.433013 0.433013 -0.866026 0.25
300.0 0.0 0.0
175f
0.5 0.0 -0.866026 0.75 0.5 0.433013 0.433013 -0.866026 0.25
300.0 0.0 0.0
176f
0.5 0.0 -0.866026 0.75 0.5 0.433013 0.433013 -0.866026 0.25
300.0 0.0 0.0
177f
0.5 0.0 -0.866026 0.75 0.5 0.433013 0.433013 -0.866026 0.25
300.0 0.0 0.0
178f
0.5 0.0 -0.866026 0.75 0.5 0.433013 0.433013 -0.866026 0.25
300.0 0.0 0.0
179f
0.5 0.0 -0.866026 0.75 0.5 0.433013 0.433013 -0.866026 0.25
300.0 0.0 0.0
180f
0.5 0.0 -0.866026 0.75 0.5 0.433013 0.433013 -0.866026 0.25
300.0 0.0 0.0
181f
0.5 0.0 -0.866026 0.75 0.5 0.433013 0.433013 -0.866026 0.25
300.0 0.0 0.0
182f
0.5 0.0 -0.866026 0.75 0.5 0.433013 0.433013 -0.866026 0.25
300.0 0.0 0.0
183f
0.5 0.0 -0.866026 0.75 0.5 0.433013 0.433013 -0.866026 0.25
300.0 0.0 0.0
184f
0.5 0.0 -0.866026 0.75 0.5 0.433013 0.433013 -0.866026 0.25
300.0 0.0 0.0
185f
0.5 0.0 -0.866026 0.75 0.5 0.433013 0.433013 -0.866026 0.25
300.0 0.0 0.0
186f
0.5 0.0 -0.866026 0.75 0.5 0.433013 0.433013 -0.866026 0.25
300.0 0.0 0.0
187f
0.5 0.0 -0.866026 0.75 0.5 0.433013 0.433013 -0.866026 0.25
300.0 0.0 0.0
188f
0.5 0.0 -0.866026 0.75 0.5 0.433013 0.433013 -0.866026 0.25
300.0 0.0 0.0
189f
0.5 0.0 -0.866026 0.75 0.5 0.433013 0.433013 -0.866026 0.25
300.0 0.0 0.0
190f
0.5 0.0 -0.866026 0.75 0.5 0.433013 0.433013 -0.866026 0.25
300.0 0.0 0.0
191f
0.5 0.0 -0.866026 0.75 0.5 0.433013 0.433013 -0.866026 0.25
300.0 0.0 0.0
192f
0.5 0.0 -0.866026 0.75 0.5 0.433013 0.433013 -0.866026 0.25
300.0 0.0 0.0
193f
0.5 0.0 -0.866026 0.75 0.5 0.433013 0.433013 -0.866026 0.25
300.0 0.0 0.0
194f
0.5 0.0 -0.866026 0.75 0.5 0.433013 0.433013 -0.866026 0.25
300.0 0.0 0.0
195f
0.5 0.0 -0.866026 0.75 0.5 0.433013 0.433013 -0.866026 0.25
300.0 0.0 0.0
196f
0.5 0.0 -0.866026 0.75 0.5 0.433013 0.433013 -0.866026 0.25
300.0 0.0 0.0
197f
0.5 0.0 -0.866026 0.75 0.5 0.433013 0.433013 -0.866026 0.25
300.0 0.0 0.0
198f
0.5 0.0 -0.866026 0.75 0.5 0.433013 0.433013 -0.866026 0.25
300.0 0.0 0.0
199f
0.5 0.0 -0.866026 0.75 0.5 0.433013 0.433013 -0.866026 0.25
300.0 0.0 0.0
200f
0.5 0.0 -0.866026 0.75 0.5 0.433013 0.433013 -0.866026 0.25
300.0 0.0 0.0
201f
0.5 0.0 -0.866026 0.75 0.5 0.433013 0.433013 -0.866026 0.25
300.0 0.0 0.0
202f
1.0 0.0 0.0 0.0 1.0 0.0 0.0 0.0 1.0
-300.0 0.0 0.0
203f
0.5 0.0 -0.866026 0.75 0.5 0.433013 0.433013 -0.866026 0.25
-165.0 0.0 0.0
204f
0.5 0.0 -0.866026 0.75 0.5 0.433013 0.433013 -0.866026 0.25
-165.0 0.0 0.0
205f
0.5 0.0 -0.866026 0.75 0.5 0.433013 0.433013 -0.866026 0.25
-165.0 0.0 0.0
206f
0.5 0.0 -0.866026 0.75 0.5 0.433013 0.433013 -0.866026 0.25
-165.0 0.0 0.0
207f
0.5 0.0 -0.866026 0.75 0.5 0.433013 0.433013 -0.866026 0.25
-165.0 0.0 0.0
208f
0.5 0.0 -0.866026 0.75 0.5 0.433013 0.433013 -0.866026 0.25
-165.0 0.0 0.0
209f
0.5 0.0 -0.866026 0.75 0.5 0.433013 0.433013 -0.866026 0.25
-165.0 0.0 0.0
210f
0.5 0.0 -0.866026 0.75 0.5 0.433013 0.433013 -0.866026 0.25
-165.0 0.0 0.0
211f
0.5 0.0 -0.866026 0.75 0.5 0.433013 0.433013 -0.866026 0.25
-165.0 0.0 0.0
212f
0.5 0.0 -0.866026 0.75 0.5 0.433013 0.433013 -0.866026 0.25
-165.0 0.0 0.0
213f
0.5 0.0 -0.866026 0.75 0.5 0.433013 0.433013 -0.866026 0.25
-165.0 0.0 0.0
214f
0.5 0.0 -0.866026 0.75 0.5 0.433013 0.433013 -0.866026 0.25
-165.0 0.0 0.0
215f
0.5 0.0 -0.866026 0.75 0.5 0.433013 0.433013 -0.866026 0.25
-165.0 0.0 0.0
216f
0.5 0.0 -0.866026 0.75 0.5 0.433013 0.433013 -0.866026 0.25
-165.0 0.0 0.0
217f
0.5 0.0 -0.866026 0.75 0.5 0.433013 0.433013 -0.866026 0.25
-165.0 0.0 0.0
218f
0.5 0.0 -0.866026 0.75 0.5 0.433013 0.433013 -0.866026 0.25
-165.0 0.0 0.0
219f
0.5 0.0 -0.866026 0.75 0.5 0.433013 0.433013 -0.866026 0.25
-165.0 0.0 0.0
220f
0.5 0.0 -0.866026 0.75 0.5 0.433013 0.433013 -0.866026 0.25
-165.0 0.0 0.0
221f
0.5 0.0 -0.866026 0.75 0.5 0.433013 0.433013 -0.866026 0.25
-165.0 0.0 0.0
222f
0.5 0.0 -0.866026 0.75 0.5 0.433013 0.433013 -0.866026 0.25
-165.0 0.0 0.0
223f
0.5 0.0 -0.866026 0.75 0.5 0.433013 0.433013 -0.866026 0.25
-165.0 0.0 0.0
224f
0.5 0.0 -0.866026 0.75 0.5 0.433013 0.433013 -0.866026 0.25
-165.0 0.0 0.0
225f
0.5 0.0 -0.866026 0.75 0.5 0.433013 0.433013 -0.866026 0.25
-165.0 0.0 0.0
226f
0.5 0.0 -0.866026 0.75 0.5 0.433013 0.433013 -0.866026 0.25
-165.0 0.0 0.0
227f
0.5 0.0 -0.866026 0.75 0.5 0.433013 0.433013 -0.866026 0.25
-165.0 0.0 0.0
228f
0.5 0.0 -0.866026 0.75 0.5 0.433013 0.433013 -0.866026 0.25
-165.0 0.0 0.0
229f
0.5 0.0 -0.866026 0.75 0.5 0.433013 0.433013 -0.866026 0.25
-165.0 0.0 0.0
230f
0.5 0.0 -0.866026 0.75 0.5 0.433013 0.433013 -0.866026 0.25
-165.0 0.0 0.0
231f
0.5 0.0 -0.866026 0.75 0.5 0.433013 0.433013 -0.866026 0.25
-165.0 0.0 0.0
232f
0.5 0.0 -0.866026 0.75 0.5 0.433013 0.433013 -0.866026 0.25
-165.0 0.0 0.0
233f
0.5 0.0 -0.866026 0.75 0.5 0.433013 0.433013 -0.866026 0.25
-165.0 0.0 0.0
234f
0.5 0.0 -0.866026 0.75 0.5 0.433013 0.433013 -0.866026 0.25
-165.0 0.0 0.0
235f
0.5 0.0 -0.866026 0.75 0.5 0.433013 0.433013 -0.866026 0.25
-165.0 0.0 0.0
236f
0.5 0.0 -0.866026 0.75 0.5 0.433013 0.433013 -0.866026 0.25
-165.0 0.0 0.0
237f
0.5 0.0 -0.866026 0.75 0.5 0.433013 0.433013 -0.866026 0.25
-165.0 0.0 0.0
238f
0.5 0.0 -0.866026 0.75 0.5 0.433013 0.433013 -0.866026 0.25
-165.0 0.0 0.0
239f
0.5 0.0 -0.866026 0.75 0.5 0.433013 0.433013 -0.866026 0.25
-165.0 0.0 0.0
240f
0.5 0.0 -0.866026 0.75 0.5 0.433013 0.433013 -0.866026 0.25
-165.0 0.0 0.0
241f
0.5 0.0 -0.866026 0.75 0.5 0.433013 0.433013 -0.866026 0.25
-165.0 0.0 0.0
242f
0.5 0.0 -0.866026 0.75 0.5 0.433013 0.433013 -0.866026 0.25
-165.0 0.0 0.0
243f
0.5 0.0 -0.866026 0.75 0.5 0.433013 0.433013 -0.866026 0.25
-165.0 0.0 0.0
244f
0.5 0.0 -0.866026 0.75 0.5 0.433013 0.433013 -0.866026 0.25
-165.0 0.0 0.0
245f
0.5 0.0 -0.866026 0.75 0.5 0.433013 0.433013 -0.866026 0.25
-165.0 0.0 0.0
246f
0.5 0.0 -0.866026 0.75 0.5 0.433013 0.433013 -0.866026 0.25
-165.0 0.0 0.0
247f
0.5 0.0 -0.866026 0.75 0.5 0.433013 0.433013 -0.866026 0.25
-165.0 0.0 0.0
248f
0.5 0.0 -0.866026 0.75 0.5 0.433013 0.433013 -0.866026 0.25
-165.0 0.0 0.0
249f
0.5 0.0 -0.866026 0.75 0.5 0.433013 0.433013 -0.866026 0.25
-165.0 0.0 0.0
250f
0.5 0.0 -0.866026 0.75 0.5 0.433013 0.433013 -0.866026 0.25
-165.0 0.0 0.0
251f
0.5 0.0 -0.866026 0.75 0.5 0.433013 0.433013 -0.866026 0.25
-165.0 0.0 0.0
252f
0.5 0.0 -0.866026 0.75 0.5 0.433013 0.433013 -0.866026 0.25
-165.0 0.0 0.0
253f
0.5 0.0 -0.866026 0.75 0.5 0.433013 0.433013 -0.866026 0.25
-165.0 0.0 0.0
254f
0.5 0.0 -0.866026 0.75 0.5 0.433013 0.433013 -0.866026 0.25
-165.0 0.0 0.0
255f
0.5 0.0 -0.866026 0.75 0.5 0.433013 0.433013 -0.866026 0.25
-165.0 0.0 0.0
256f
0.5 0.0 -0.866026 0.75 0.5 0.433013 0.433013 -0.866026 0.25
-165.0 0.0 0.0
257f
0.5 0.0 -0.866026 0.75 0.5 0.433013 0.433013 -0.866026 0.25
-165.0 0.0 0.0
258f
0.5 0.0 -0.866026 0.75 0.5 0.433013 0.433013 -0.866026 0.25
-165.0 0.0 0.0
259f
0.5 0.0 -0.866026 0.75 0.5 0.433013 0.433013 -0.866026 0.25
-165.0 0.0 0.0
260f
0.5 0.0 -0.866026 0.75 0.5 0.433013 0.433013 -0.866026 0.25
-165.0 0.0 0.0
261f
0.5 0.0 -0.866026 0.75 0.5 0.433013 0.433013 -0.866026 0.25
-165.0 0.0 0.0
262f
0.5 0.0 -0.866026 0.75 0.5 0.433013 0.433013 -0.866026 0.25
-165.0 0.0 0.0
263f
0.5 0.0 -0.866026 0.75 0.5 0.433013 0.433013 -0.866026 0.25
-165.0 0.0 0.0
264f
0.5 0.0 -0.866026 0.75 0.5 0.433013 0.433013 -0.866026 0.25
-165.0 0.0 0.0
265f
0.5 0.0 -0.866026 0.75 0.5 0.433013 0.433013 -0.866026 0.25
-165.0 0.0 0.0
266f
0.5 0.0 -0.866026 0.75 0.5 0.433013 0.433013 -0.866026 0.25
-165.0 0.0 0.0
267f
0.5 0.0 -0.866026 0.75 0.5 0.433013 0.433013 -0.866026 0.25
-165.0 0.0 0.0
268f
0.5 0.0 -0.866026 0.75 0.5 0.433013 0.433013 -0.866026 0.25
-165.0 0.0 0.0
269f
0.5 0.0 -0.866026 0.75 0.5 0.433013 0.433013 -0.866026 0.25
-165.0 0.0 0.0
270f
0.5 0.0 -0.866026 0.75 0.5 0.433013 0.433013 -0.866026 0.25
-165.0 0.0 0.0
271f
0.5 0.0 -0.866026 0.75 0.5 0.433013 0.433013 -0.866026 0.25
-165.0 0.0 0.0
272f
0.5 0.0 -0.866026 0.75 0.5 0.433013 0.433013 -0.866026 0.25
-165.0 0.0 0.0
273f
0.5 0.0 -0.866026 0.75 0.5 0.433013 0.433013 -0.866026 0.25
-165.0 0.0 0.0
274f
0.5 0.0 -0.866026 0.75 0.5 0.433013 0.433013 -0.866026 0.25
-165.0 0.0 0.0
275f
0.5 0.0 -0.866026 0.75 0.5 0.433013 0.433013 -0.866026 0.25
-165.0 0.0 0.0
276f
0.5 0.0 -0.866026 0.75 0.5 0.433013 0.433013 -0.866026 0.25
-165.0 0.0 0.0
277f
0.5 0.0 -0.866026 0.75 0.5 0.433013 0.433013 -0.866026 0.25
-165.0 0.0 0.0
278f
0.5 0.0 -0.866026 0.75 0.5 0.433013 0.433013 -0.866026 0.25
-165.0 0.0 0.0
279f
0.5 0.0 -0.866026 0.75 0.5 0.433013 0.433013 -0.866026 0.25
-165.0 0.0 0.0
280f
0.5 0.0 -0.866026 0.75 0.5 0.433013 0.433013 -0.866026 0.25
-165.0 0.0 0.0
281f
0.5 0.0 -0.866026 0.75 0.5 0.433013 0.433013 -0.866026 0.25
-165.0 0.0 0.0
282f
0.5 0.0 -0.866026 0.75 0.5 0.433013 0.433013 -0.866026 0.25
-165.0 0.0 0.0
283f
0.5 0.0 -0.866026 0.75 0.5 0.433013 0.433013 -0.866026 0.25
-165.0 0.0 0.0
284f
0.5 0.0 -0.866026 0.75 0.5 0.433013 0.433013 -0.866026 0.25
-165.0 0.0 0.0
285f
0.5 0.0 -0.866026 0.75 0.5 0.433013 0.433013 -0.866026 0.25
-165.0 0.0 0.0
286f
0.5 0.0 -0.866026 0.75 0.5 0.433013 0.433013 -0.866026 0.25
-165.0 0.0 0.0
287f
0.5 0.0 -0.866026 0.75 0.5 0.433013 0.433013 -0.866026 0.25
-165.0 0.0 0.0
288f
0.5 0.0 -0.866026 0.75 0.5 0.433013 0.433013 -0.866026 0.25
-165.0 0.0 0.0
289f
0.5 0.0 -0.866026 0.75 0.5 0.433013 0.433013 -0.866026 0.25
-165.0 0.0 0.0
290f
0.5 0.0 -0.866026 0.75 0.5 0.433013 0.433013 -0.866026 0.25
-165.0 0.0 0.0
291f
0.5 0.0 -0.866026 0.75 0.5 0.433013 0.433013 -0.866026 0.25
-165.0 0.0 0.0
292f
0.5 0.0 -0.866026 0.75 0.5 0.433013 0.433013 -0.866026 0.25
-165.0 0.0 0.0
293f
0.5 0.0 -0.866026 0.75 0.5 0.433013 0.433013 -0.866026 0.25
-165.0 0.0 0.0
294f
0.5 0.0 -0.866026 0.75 0.5 0.433013 0.433013 -0.866026 0.25
-165.0 0.0 0.0
295f
0.5 0.0 -0.866026 0.75 0.5 0.433013 0.433013 -0.866026 0.25
-165.0 0.0 0.0
296f
0.5 0.0 -0.866026 0.75 0.5 0.433013 0.433013 -0.866026 0.25
-165.0 0.0 0.0
297f
0.5 0.0 -0.866026 0.75 0.5 0.433013 0.433013 -0.866026 0.25
-165.0 0.0 0.0
298f
0.5 0.0 -0.866026 0.75 0.5 0.433013 0.433013 -0.866026 0.25
-165.0 0.0 0.0
299f
0.5 0.0 -0.866026 0.75 0.5 0.433013 0.433013 -0.866026 0.25
-165.0 0.0 0.0
300f
0.5 0.0 -0.866026 0.75 0.5 0.433013 0.433013 -0.866026 0.25
-165.0 0.0 0.0
301f
0.5 0.0 -0.866026 0.75 0.5 0.433013 0.433013 -0.866026 0.25
-165.0 0.0 0.0
302f
0.5 0.0 -0.866026 0.75 0.5 0.433013 0.433013 -0.866026 0.25
-165.0 0.0 0.0
